10,11,11,9,10,9,9,8,9,10,11,13,15,12,12,12,12,13,12,12,15,13,14,11,12,13,19,23,37,42,34,28,24,27,37,42,48,52,56,78,100,105,83,48,27,16,14,12,13,13,14,13,13,13,16,19,27,29,33,35,44,56,74,66,53,39,36,34,39,43,58,78,81,60,37,27,19,16,13,12,11,12,11,9,10,11,10,10,9,9,9,9,10,10,12,9,11,14,19,29
9,10,10,10,10,9,8,9,11,12,15,18,20,20,14,12,13,17,16,16,13,14,12,15,14,16,17,19,28,33,27,26,26,29,28,33,34,39,39,58,81,84,64,39,23,15,14,14,13,14,13,14,16,14,18,26,26,27,26,33,43,57,61,59,47,36,32,30,28,31,50,96,109,86,50,29,20,15,12,11,10,13,13,12,11,11,10,10,8,9,10,10,8,10,11,12,12,14,16,22
9,10,11,9,11,10,10,9,11,15,21,28,33,28,20,16,17,24,29,25,21,16,14,14,14,14,16,17,23,25,25,25,26,27,26,24,26,25,30,38,50,51,43,30,17,15,13,14,13,13,15,14,16,16,25,35,35,25,23,31,41,49,53,43,36,31,31,27,26,26,48,90,124,94,59,34,20,14,14,12,12,15,18,14,10,10,11,10,9,10,9,10,9,10,11,10,10,12,14,17
8,10,11,9,10,11,10,10,11,16,23,35,42,37,28,21,27,38,45,41,33,22,18,15,15,15,16,20,24,30,29,31,30,28,28,23,19,19,19,25,27,27,26,20,16,15,14,14,13,14,15,13,13,18,30,45,44,34,22,24,34,39,38,32,27,26,27,26,24,26,39,80,93,84,53,33,21,18,16,15,15,19,21,21,14,10,11,12,10,9,10,9,10,10,11,10,10,12,12,16
10,10,8,9,9,10,9,10,11,16,23,35,47,42,31,30,39,57,67,59,48,30,21,17,14,17,15,27,40,41,39,47,46,37,39,28,19,19,16,18,18,17,17,15,15,14,14,14,15,13,14,11,13,19,32,44,48,32,23,23,25,27,29,25,23,22,23,22,23,24,33,49,61,52,44,28,23,22,21,16,19,21,25,21,17,11,11,13,10,10,11,9,11,10,11,9,10,10,12,12
8,8,9,9,9,10,10,10,10,15,18,28,36,36,33,33,44,60,66,65,50,37,27,23,18,16,22,40,60,65,63,70,63,65,55,39,24,18,16,14,15,14,14,14,14,17,15,13,14,15,14,13,13,17,29,39,40,31,22,22,20,20,22,24,22,19,20,20,19,21,27,31,34,33,25,25,25,31,29,22,20,21,21,22,16,15,16,15,12,10,11,11,9,9,10,10,10,11,11,11
10,9,8,9,9,10,9,10,10,12,16,20,26,26,28,29,42,49,57,53,46,39,37,32,23,21,27,49,75,83,86,85,96,82,75,51,34,22,16,13,13,14,14,14,16,18,18,16,16,13,13,13,12,15,20,24,27,24,23,22,20,17,20,21,21,18,16,15,16,17,21,26,26,21,20,24,33,39,43,32,21,17,17,17,16,17,21,22,15,11,12,9,10,11,9,10,9,10,10,9
9,9,8,9,9,10,10,9,11,10,13,15,17,20,21,23,30,32,34,37,35,43,55,51,35,25,30,51,75,85,89,96,92,94,84,66,48,32,20,14,13,14,12,16,20,25,22,17,15,12,13,13,12,12,14,18,22,26,32,29,23,17,18,21,17,18,15,12,13,17,20,25,23,21,18,25,37,50,46,39,25,16,15,14,13,21,26,31,20,13,12,11,9,10,9,8,11,9,9,10
9,8,8,8,9,9,9,11,10,11,13,14,14,15,16,18,20,20,22,27,34,57,92,86,55,32,29,42,62,66,75,81,87,79,81,75,65,47,24,16,14,12,13,17,27,29,27,21,18,14,12,11,13,13,13,18,27,37,48,49,36,20,19,17,16,14,13,12,12,16,19,24,20,20,22,28,40,45,47,41,28,17,16,11,14,18,28,32,24,15,12,11,10,9,10,10,9,10,10,9
9,8,9,10,10,10,10,10,11,12,12,13,12,13,14,13,13,15,18,25,35,82,133,132,76,41,26,32,40,49,58,71,68,65,65,78,71,50,30,17,14,11,14,20,25,31,27,21,16,15,14,13,12,12,13,20,30,55,71,73,48,30,19,18,14,12,11,13,13,16,18,19,21,21,22,25,29,36,34,34,24,20,16,16,14,17,24,26,22,16,13,11,8,8,9,9,10,10,8,9
9,10,9,8,9,11,12,12,12,13,13,13,13,14,13,10,12,12,17,24,39,95,154,149,99,45,28,23,26,33,52,70,75,64,59,60,60,47,29,16,14,14,14,19,23,26,25,22,18,14,14,13,10,12,16,22,42,64,84,82,61,38,23,17,12,12,12,11,16,20,23,21,23,26,29,26,23,25,26,23,19,18,16,16,17,18,21,19,16,15,16,12,9,9,10,10,9,8,10,10
8,9,9,9,10,10,11,12,12,12,13,14,14,13,13,12,11,14,18,27,43,90,134,141,97,51,26,19,18,27,45,71,76,67,54,48,40,36,26,18,14,16,16,17,19,21,17,16,17,16,14,12,12,12,16,23,37,54,68,75,56,36,25,19,13,13,11,13,20,29,25,24,25,32,35,27,18,17,17,18,16,18,19,18,23,23,23,20,15,16,14,14,11,11,10,9,9,9,9,9
10,9,9,9,10,9,11,12,12,12,13,13,14,13,11,11,15,15,20,27,41,67,96,97,72,45,27,19,21,27,43,56,66,59,50,33,30,23,20,17,15,14,14,16,19,16,16,13,14,14,14,12,12,12,15,19,27,40,47,49,41,29,25,18,15,13,13,16,24,31,31,24,27,36,40,29,20,15,14,14,15,18,24,25,32,31,33,26,23,23,23,19,15,11,8,10,8,8,9,9
9,11,8,9,10,10,12,11,12,11,12,11,14,12,12,13,14,16,21,25,31,46,53,55,43,34,22,20,18,23,30,37,44,43,37,29,23,18,17,15,13,15,17,18,17,16,15,15,12,13,11,13,10,14,13,15,19,23,27,32,29,22,21,18,14,15,15,21,26,32,25,25,24,33,35,30,20,18,15,15,14,19,25,33,38,46,43,39,31,37,38,33,19,12,11,10,10,10,9,10
10,9,9,10,9,10,10,9,10,11,11,12,12,12,12,13,15,17,21,20,25,29,34,27,25,21,19,18,17,18,19,23,29,27,26,21,19,14,16,15,14,18,23,25,25,18,15,13,14,14,12,11,10,10,13,12,15,17,23,24,25,20,20,17,16,15,17,24,30,29,27,23,24,26,29,21,20,19,18,14,15,18,29,33,45,47,50,47,46,50,54,46,28,16,9,9,12,12,12,12
12,11,8,10,9,9,9,10,11,11,10,11,13,14,12,15,14,21,24,23,20,26,24,20,17,16,14,14,13,14,16,17,17,20,17,16,14,14,13,13,13,22,30,41,42,30,18,15,12,12,12,11,8,11,11,12,13,15,16,21,21,25,26,24,16,17,17,24,29,26,22,20,20,23,22,23,22,22,18,16,17,19,22,30,36,43,46,47,50,60,61,54,33,19,14,11,12,15,15,15
17,12,9,8,8,9,11,10,10,11,11,13,12,13,13,12,13,25,32,30,29,29,34,20,15,11,10,11,12,10,11,12,12,14,13,15,13,12,14,15,15,21,41,66,70,51,24,16,13,13,11,11,10,9,9,11,11,13,16,18,25,33,45,40,24,18,20,23,27,22,21,22,22,24,22,24,27,25,23,17,15,16,20,22,28,31,38,38,42,47,51,40,31,18,14,12,14,16,18,21
20,14,9,8,8,8,8,9,8,11,9,11,12,10,11,12,15,31,42,43,36,41,40,24,12,12,10,10,9,10,8,13,12,12,12,12,11,13,15,19,19,25,46,86,88,75,38,17,13,11,9,9,11,8,9,10,8,11,12,17,26,51,73,69,40,24,19,19,22,22,19,23,25,25,30,34,37,35,28,22,16,17,15,15,18,20,22,27,28,31,32,26,23,18,14,14,15,18,24,28
22,16,11,9,9,9,9,8,10,9,10,10,11,10,11,11,15,32,48,47,41,40,40,30,15,11,10,9,9,9,9,10,11,11,11,10,10,13,19,24,23,26,46,77,100,78,45,21,15,11,12,11,11,10,10,9,10,10,14,19,31,68,102,99,60,32,20,18,18,20,23,28,34,37,37,39,48,46,43,30,20,17,15,14,15,15,16,15,17,17,16,16,15,14,14,12,14,18,29,40
18,14,10,7,9,9,9,8,9,11,9,11,10,11,10,12,15,28,39,42,36,36,34,25,16,12,9,8,9,9,8,9,10,10,11,10,11,15,21,29,26,28,34,61,71,62,40,23,16,14,10,10,9,9,10,11,10,11,13,19,33,69,107,117,78,39,21,15,17,21,28,38,44,50,45,42,46,57,50,39,23,17,14,15,14,13,12,11,11,11,11,11,10,11,12,14,13,19,34,45
14,11,11,9,9,8,10,11,9,10,10,9,10,11,11,12,14,21,29,30,26,25,23,18,15,11,9,9,11,7,8,9,11,10,10,10,12,12,18,26,26,20,26,35,39,36,29,21,16,13,12,10,9,9,9,10,10,11,14,15,29,59,97,103,74,43,23,17,20,27,38,52,60,60,50,40,49,52,51,39,27,20,15,13,13,11,11,10,10,10,12,10,9,9,10,12,15,20,39,55
11,11,8,10,9,10,10,11,10,11,11,11,11,11,12,11,12,14,18,18,17,17,16,14,13,11,9,10,9,8,8,10,10,10,9,11,10,12,15,16,17,17,17,22,20,20,15,16,14,12,10,10,10,10,9,9,10,12,13,16,23,40,60,70,54,33,23,21,25,43,55,57,64,67,58,45,41,48,42,37,24,18,14,12,12,10,10,11,10,11,11,10,10,10,10,12,18,23,34,56
11,9,9,9,9,10,9,10,10,11,9,11,12,10,11,12,12,12,14,12,11,11,12,12,11,9,9,8,9,9,9,9,8,10,9,8,11,10,13,12,14,14,15,14,15,12,13,12,12,9,10,10,9,9,9,9,9,11,12,14,19,23,35,39,35,29,25,25,38,60,73,67,67,64,53,41,39,37,37,29,23,16,16,14,11,10,12,10,11,15,14,11,10,10,12,15,21,27,35,42
9,10,9,8,9,9,8,9,10,10,8,9,10,11,11,12,12,12,13,11,9,10,11,9,9,10,9,8,8,10,8,9,9,9,9,10,9,10,11,11,13,11,11,13,12,11,10,9,10,9,8,10,9,10,11,10,11,11,10,12,15,18,21,20,22,29,29,31,48,69,81,73,65,59,49,39,32,32,27,22,19,16,12,13,10,11,11,11,14,21,22,16,10,11,12,16,21,27,30,36
10,8,10,8,9,9,9,9,9,9,9,9,10,11,12,12,13,13,13,11,12,11,11,9,9,8,9,8,10,9,10,8,9,9,8,8,8,9,10,11,11,11,11,10,10,10,9,8,10,7,10,9,10,10,10,10,10,10,9,9,13,12,17,18,28,41,43,35,46,63,76,72,63,57,47,33,27,23,20,17,15,15,12,11,11,9,12,12,18,29,35,23,14,11,14,13,23,27,31,30
10,8,10,9,9,10,11,9,9,8,10,10,10,10,12,13,15,14,12,12,11,11,10,8,9,8,8,9,9,10,9,9,10,8,9,9,8,8,9,11,10,10,11,11,9,11,9,10,9,9,10,9,8,10,11,9,8,10,11,11,10,13,15,21,36,64,69,52,42,48,55,60,61,56,48,33,21,19,16,13,12,13,11,10,10,10,10,14,21,38,43,32,16,13,14,15,21,30,34,29
12,8,9,9,9,9,10,10,9,10,10,11,11,11,14,15,17,18,15,11,11,11,9,10,10,9,8,7,8,9,9,9,9,9,8,9,10,9,9,9,10,10,11,12,11,11,10,10,9,9,10,9,10,10,12,9,10,8,9,10,11,12,16,24,43,78,90,62,39,33,41,41,49,48,44,32,21,15,14,12,13,11,10,10,12,10,13,13,23,38,47,34,21,16,15,16,21,27,34,30
9,9,9,11,8,9,8,10,10,10,10,11,12,14,17,18,20,22,16,13,12,10,9,9,8,9,8,9,8,8,8,8,8,8,9,9,9,9,9,10,10,11,10,10,8,9,9,10,9,9,8,9,11,13,15,12,9,9,10,11,11,13,16,24,43,85,96,70,39,26,26,28,30,39,37,29,21,17,12,11,12,11,9,11,10,12,15,18,21,30,34,28,21,19,19,19,20,26,30,29
10,9,8,8,9,9,9,9,10,11,12,12,12,19,30,29,27,25,20,14,12,11,8,9,9,8,10,8,8,10,8,9,9,8,11,8,9,8,9,10,10,11,10,10,10,8,9,9,10,9,9,12,13,18,22,17,10,9,9,10,12,12,18,26,45,84,104,75,41,26,22,22,24,25,25,24,23,18,13,9,11,10,11,11,13,13,15,22,27,22,23,20,21,25,25,23,24,23,28,25
10,10,8,8,8,8,7,8,9,11,11,16,16,30,55,55,43,38,30,16,12,11,10,8,9,9,9,9,8,9,8,8,8,9,9,8,9,9,9,9,9,8,10,9,9,8,7,8,8,10,11,10,19,32,33,25,14,10,11,11,11,13,16,23,45,92,110,85,48,24,19,18,16,17,16,20,20,17,15,11,10,10,10,11,11,12,15,27,26,23,16,15,19,26,29,29,21,19,21,24
11,9,9,8,9,8,9,8,9,11,13,15,20,52,104,100,71,57,40,21,12,12,10,10,9,10,11,9,9,8,9,8,8,10,9,9,8,8,7,8,9,8,10,8,9,8,8,9,8,10,12,16,26,45,47,34,21,13,11,11,11,12,14,22,49,89,110,87,51,25,18,15,13,14,14,18,17,18,15,11,11,11,12,11,10,12,19,27,31,23,16,13,17,24,30,26,24,23,24,33
10,9,9,10,9,8,10,10,9,10,12,16,26,79,135,143,97,74,50,29,16,13,13,12,11,11,11,10,10,9,9,8,9,10,8,8,8,8,8,9,9,8,9,9,8,9,8,10,9,10,12,20,38,57,52,38,22,14,11,11,11,13,15,23,39,70,88,72,45,26,18,15,12,14,12,15,17,14,13,11,10,13,13,13,12,13,15,21,23,20,15,14,16,20,23,26,25,24,28,44
10,9,10,8,8,8,10,10,9,12,16,22,35,86,145,145,108,79,53,32,22,16,14,11,10,11,11,10,8,9,9,10,10,10,10,9,8,7,9,7,9,8,9,9,9,9,9,8,10,11,13,25,48,64,56,32,20,15,12,12,13,11,15,19,29,41,50,46,35,24,20,14,14,13,14,10,12,12,11,11,11,11,11,13,13,11,13,14,19,14,13,14,13,16,18,25,34,37,36,50
8,8,9,9,9,9,9,10,11,14,20,28,38,76,105,119,93,72,51,35,31,24,16,14,11,10,8,8,8,9,8,9,8,9,9,10,9,8,8,9,8,8,9,7,10,9,10,9,10,10,16,25,47,59,50,29,17,14,12,13,10,12,12,16,19,24,27,25,21,21,17,16,15,14,12,13,11,11,10,12,9,10,11,12,11,11,12,11,13,12,12,14,13,13,21,35,52,56,55,52
10,8,8,9,9,9,10,10,14,17,24,30,39,50,65,68,62,51,40,36,37,29,19,12,12,9,9,8,8,7,9,10,10,9,9,9,9,9,8,8,9,9,9,8,10,9,11,10,10,12,14,22,37,44,37,25,17,15,14,11,11,11,11,13,13,15,15,16,16,16,17,18,19,19,15,13,12,10,11,10,11,12,14,12,12,10,12,11,12,11,10,11,12,13,26,46,77,87,77,55
9,9,10,9,9,10,10,12,15,20,25,30,32,32,35,37,33,34,30,33,40,35,21,14,11,10,9,9,8,9,8,8,9,10,10,9,9,8,9,8,8,8,9,10,9,10,8,10,10,12,12,18,24,29,25,19,15,14,13,10,11,10,10,11,10,14,14,15,16,18,19,21,24,24,21,14,13,11,11,11,13,13,14,14,10,11,9,10,11,11,9,11,11,17,27,60,87,101,85,58
9,9,9,8,8,9,10,13,15,17,22,24,26,24,23,21,19,19,22,27,32,29,19,14,12,9,10,8,7,7,8,9,7,9,9,9,8,7,7,7,9,9,10,10,10,10,10,11,10,11,12,14,20,25,22,17,15,13,11,13,12,9,10,8,9,11,12,14,23,27,25,26,30,31,26,17,12,10,11,11,15,16,16,13,12,11,9,10,10,10,11,12,14,17,35,50,78,84,74,51
10,9,8,9,9,10,9,11,12,14,15,19,19,18,17,16,14,15,16,21,22,22,17,13,11,10,10,9,9,9,8,9,8,8,8,10,8,8,8,9,8,9,8,9,9,11,9,10,9,12,13,15,21,34,26,18,14,16,10,10,10,9,10,9,9,12,11,19,30,39,35,39,40,39,30,19,13,12,10,13,18,24,20,15,11,11,11,11,9,11,13,12,14,18,26,42,52,57,48,38
8,10,9,10,8,9,10,10,11,12,11,14,14,15,15,14,12,13,15,15,15,13,13,12,10,9,10,9,10,10,9,8,8,8,9,7,9,8,9,9,10,10,9,10,10,10,10,10,11,12,13,16,35,62,58,28,15,16,11,9,9,8,9,9,11,11,15,21,37,45,49,52,52,43,32,20,15,12,13,12,17,25,26,17,11,10,9,10,10,12,13,12,14,17,21,23,29,31,30,25
10,10,8,8,9,10,9,10,9,9,10,11,11,13,13,13,10,14,14,15,13,10,10,11,10,10,9,9,9,8,8,9,9,9,8,8,8,8,10,9,10,12,10,10,10,10,9,11,11,12,12,20,51,103,97,49,20,13,12,8,9,9,8,8,9,12,14,22,33,49,56,72,64,48,28,18,12,11,11,14,17,24,22,17,11,10,10,11,11,13,12,12,12,14,17,18,21,19,18,21
8,9,8,9,8,9,10,9,8,9,10,11,9,10,12,11,11,16,23,20,18,12,9,9,9,8,9,9,9,10,9,8,9,7,7,9,9,10,10,9,11,12,12,11,11,10,10,12,12,13,15,21,59,117,125,68,28,16,11,9,9,7,8,8,10,12,14,16,28,41,70,81,74,52,32,17,13,11,11,13,14,18,18,15,12,10,9,10,12,11,12,11,12,12,15,15,18,19,20,18
8,8,9,8,9,8,9,8,9,9,9,9,10,9,10,10,12,17,25,28,22,15,10,10,9,9,9,9,9,10,9,8,8,9,9,9,8,9,8,11,13,16,13,14,12,11,10,11,12,15,17,24,50,98,105,71,34,18,13,9,10,9,9,9,10,12,13,16,21,41,67,87,78,54,33,19,13,12,9,11,11,13,13,12,11,11,9,10,10,12,11,12,11,14,15,21,26,26,26,22
9,9,9,9,9,9,10,9,8,9,9,9,10,11,11,10,12,18,26,28,23,15,12,10,9,9,11,9,8,8,9,8,9,9,8,9,7,9,10,11,16,21,19,14,12,11,9,10,13,15,17,21,35,61,67,50,33,20,13,9,8,10,10,9,9,10,12,16,22,32,59,68,61,44,27,19,14,11,11,10,10,10,11,12,12,11,11,10,9,9,11,11,12,14,19,30,37,43,39,31
10,8,7,9,8,10,8,10,8,9,9,10,9,12,10,11,13,14,17,22,18,15,11,11,9,9,9,9,9,9,10,9,9,10,9,10,9,8,9,12,19,25,22,18,12,11,12,11,12,14,15,19,21,31,33,26,23,18,13,10,11,10,9,10,9,10,12,15,17,26,40,50,43,35,26,18,13,12,10,10,10,11,13,12,13,12,9,9,10,10,10,12,12,15,23,40,59,60,53,46
10,9,9,9,9,8,10,8,10,9,11,11,10,14,14,12,12,12,14,15,13,13,12,11,10,8,10,10,9,8,9,8,11,9,9,8,10,9,9,12,21,24,24,16,14,14,12,12,13,11,13,14,13,16,17,15,13,12,13,9,10,10,10,10,10,10,13,13,15,17,25,30,26,22,18,15,13,11,11,9,11,11,12,13,11,10,10,9,10,8,9,10,13,14,27,53,77,73,69,61
10,9,8,8,8,9,8,9,9,10,10,11,14,16,17,13,12,11,11,11,11,12,10,10,9,11,11,10,9,8,9,10,11,11,10,10,9,10,11,12,17,20,18,18,14,13,15,19,14,13,10,11,12,13,13,10,11,10,9,11,11,9,10,12,11,10,12,12,13,13,17,17,17,15,13,13,10,11,12,9,9,11,10,13,12,10,10,10,9,10,10,10,12,17,29,63,77,78,76,77
8,9,9,9,8,9,10,7,9,10,11,11,16,22,23,15,12,11,11,10,9,9,8,10,12,11,12,10,10,11,10,12,13,17,14,13,11,10,11,10,14,14,14,12,14,15,19,20,18,14,11,10,10,11,12,10,9,9,9,8,9,9,9,10,9,10,10,10,10,11,12,14,12,11,11,9,9,9,11,10,10,10,11,12,10,11,9,9,9,10,10,11,13,18,27,47,66,72,88,102
9,9,8,9,7,9,7,9,9,10,11,13,22,34,31,22,12,11,10,10,10,11,11,12,12,16,13,14,12,12,11,14,20,24,20,13,11,11,11,11,11,10,11,12,12,14,18,22,22,15,12,12,12,13,12,10,10,9,9,10,9,9,10,11,9,10,10,11,9,11,10,12,11,10,10,9,10,9,9,10,8,11,10,10,11,10,9,9,10,11,11,10,13,17,21,32,43,69,102,124
9,9,9,7,8,7,7,8,9,10,11,13,24,36,34,24,17,12,11,10,10,11,12,12,16,19,22,17,16,13,13,18,30,40,33,20,13,10,10,9,10,9,10,11,13,12,16,20,21,16,14,12,13,12,13,10,10,9,8,10,9,10,9,8,8,9,9,10,8,10,10,11,11,10,8,10,9,10,9,10,9,9,10,11,11,10,10,11,10,10,10,11,12,13,19,23,32,60,103,124
9,10,10,9,7,9,8,8,10,11,11,14,21,29,30,22,17,14,11,10,12,13,14,18,23,29,35,29,21,16,14,21,41,60,45,25,15,11,9,9,8,10,9,10,11,12,16,21,25,19,15,16,14,14,12,12,9,10,11,9,9,8,9,9,10,10,11,11,10,10,10,10,9,10,8,9,9,8,8,9,10,9,10,10,12,11,10,11,11,10,11,12,12,14,16,22,29,52,84,99
9,11,8,8,8,7,8,8,9,10,11,12,18,22,22,18,16,13,10,11,12,16,23,28,39,48,49,40,30,19,16,25,47,60,53,29,17,11,9,9,9,9,10,9,11,11,18,26,36,26,23,23,23,19,14,12,11,8,9,10,10,9,10,9,9,9,10,9,9,8,9,9,9,9,9,9,9,8,9,11,10,10,11,13,16,15,12,11,11,12,14,12,11,13,16,21,27,35,55,65
9,10,10,9,9,10,8,9,9,10,11,12,13,15,16,15,14,12,11,14,16,27,36,46,57,70,69,50,36,27,22,23,35,51,42,30,18,11,10,9,8,9,9,9,11,13,19,34,44,41,38,40,35,29,18,15,11,10,11,10,8,9,9,9,9,9,9,8,9,9,10,9,9,9,9,9,7,8,7,11,10,12,11,19,27,24,14,11,11,12,10,11,12,15,18,21,24,26,32,44
11,11,13,10,9,9,11,9,10,9,11,10,13,12,13,11,14,12,10,14,21,45,61,68,81,94,90,60,40,28,22,19,24,28,29,22,16,12,10,9,9,9,8,9,10,12,20,33,43,49,61,62,64,42,27,16,13,11,10,10,10,10,10,10,9,9,10,9,10,8,8,8,9,9,9,8,8,10,9,9,11,11,14,26,41,38,21,12,12,11,12,12,12,16,22,26,23,20,26,38
11,16,16,12,9,10,8,11,10,9,10,9,10,11,11,10,11,12,11,16,35,69,89,93,99,114,101,78,42,29,20,18,15,18,15,14,12,10,8,9,8,9,6,10,10,13,16,28,39,59,77,92,83,60,34,19,13,13,9,11,9,10,10,11,10,10,9,8,9,8,9,8,9,8,9,8,11,9,8,9,9,12,17,29,41,41,25,15,10,11,11,12,13,21,29,34,29,23,26,41
17,26,27,19,13,11,10,10,9,9,9,9,11,9,11,9,11,12,12,21,49,90,109,112,115,118,115,79,48,28,17,15,14,13,10,9,9,10,9,9,10,9,9,9,10,12,16,22,35,56,78,100,94,66,38,20,14,12,11,11,10,10,11,11,13,10,9,10,9,9,9,8,9,8,8,9,9,10,8,8,10,11,18,29,37,36,27,17,12,11,12,11,14,23,35,43,37,26,28,37
22,39,42,27,19,13,11,10,9,10,9,9,9,10,9,10,10,12,16,27,60,101,116,115,110,131,109,81,46,28,17,14,12,10,9,9,8,8,7,8,8,10,11,10,10,13,15,21,29,48,71,84,83,61,33,20,16,14,11,10,9,10,11,12,13,12,10,9,10,8,8,9,8,9,8,9,9,10,9,11,9,12,14,20,25,24,20,18,13,11,11,13,15,25,38,44,39,30,28,36
28,51,55,36,24,15,12,9,9,9,9,9,9,8,9,9,10,12,17,29,70,100,114,103,113,110,99,70,43,29,17,12,11,10,9,8,9,9,10,10,9,11,12,10,13,12,16,20,25,35,53,63,66,47,28,20,16,13,12,11,11,10,10,13,13,11,10,8,9,8,9,8,8,9,8,8,9,8,9,8,10,9,13,13,16,16,17,18,17,12,13,14,14,23,30,36,36,32,34,38
30,61,60,48,28,18,12,7,8,9,9,9,10,9,9,9,11,14,17,29,52,79,88,84,87,88,74,55,35,27,15,13,11,10,10,10,8,12,11,11,11,10,11,11,13,16,19,25,28,28,32,40,41,32,22,17,14,13,11,9,10,10,9,11,10,10,9,10,9,8,8,9,8,8,8,8,10,9,9,9,8,9,10,12,13,14,20,26,22,16,12,14,13,18,22,27,31,36,44,56
31,44,50,41,29,18,14,12,10,8,9,8,9,10,10,10,12,13,16,23,39,55,59,60,61,56,49,37,27,20,14,12,13,10,11,9,11,11,14,13,11,11,10,10,13,15,24,36,35,24,22,23,24,19,16,14,13,12,10,10,11,9,10,10,11,8,10,9,10,10,9,9,10,8,10,8,9,9,8,8,7,9,10,10,10,16,27,37,33,22,15,11,15,14,18,26,38,51,68,83
20,32,34,34,25,18,13,12,10,8,8,9,9,10,9,10,11,12,16,18,24,34,35,35,34,33,30,24,18,16,15,12,10,10,9,10,11,14,19,15,12,10,11,10,12,15,31,49,44,26,19,17,15,13,12,11,12,12,11,10,9,10,10,10,9,11,9,10,9,10,9,10,10,9,9,9,9,10,8,8,8,8,10,10,11,19,33,46,42,28,16,11,13,15,18,34,52,75,88,107
17,17,20,20,18,14,14,12,12,10,9,10,10,10,10,11,11,12,13,13,15,19,20,20,20,20,18,15,14,12,13,11,10,11,10,11,11,14,21,18,14,10,10,10,13,20,32,51,47,31,19,14,15,12,12,12,10,12,9,10,11,10,11,11,11,10,11,10,9,10,11,11,10,10,10,9,9,10,9,8,9,9,9,10,11,18,33,42,41,32,17,13,13,16,22,41,70,93,99,101
12,15,13,13,13,12,12,13,10,10,11,10,10,11,10,9,11,10,11,11,11,13,13,13,13,14,14,13,10,11,10,10,10,10,9,10,11,15,17,16,14,11,11,9,13,17,25,37,34,30,20,17,14,12,11,11,13,13,11,11,11,12,11,12,10,9,10,10,9,10,12,14,12,11,9,9,9,10,9,9,9,9,9,10,12,14,23,33,32,26,18,15,13,18,25,47,69,86,81,79
10,11,10,10,11,11,11,12,11,11,11,10,10,9,11,10,10,10,11,10,11,9,14,12,11,13,12,11,10,10,9,9,10,11,11,10,11,13,14,15,11,11,10,11,12,15,20,23,23,19,20,17,15,13,13,14,17,14,14,11,11,11,13,12,13,10,11,10,11,11,13,16,13,10,10,9,9,9,9,8,9,8,10,9,10,12,16,19,21,19,14,15,15,18,25,38,56,61,55,45
10,12,9,10,12,10,12,15,13,10,9,9,10,10,9,11,10,10,9,9,10,10,11,10,11,10,10,10,9,7,10,10,9,11,11,9,9,12,11,12,10,10,10,10,11,13,14,16,15,14,15,17,15,13,14,20,21,23,17,13,14,16,16,14,13,11,10,10,10,13,14,15,13,11,10,8,9,8,9,8,8,9,8,9,10,12,14,14,13,13,13,14,14,15,18,27,33,35,34,29
10,11,11,11,10,11,17,17,14,11,11,10,10,10,11,10,12,11,10,11,10,12,10,10,10,12,9,10,9,7,9,9,10,9,11,9,10,9,10,8,10,9,9,9,10,10,12,13,13,15,13,15,16,15,18,29,44,38,27,16,14,19,19,15,13,13,10,10,11,11,13,16,14,11,11,9,10,9,9,8,9,8,9,10,10,10,14,14,13,11,12,14,13,14,15,17,21,21,21,19
10,10,9,10,11,12,19,20,18,12,10,11,10,10,10,13,14,13,12,10,11,10,10,9,10,9,11,9,9,8,8,9,10,10,10,8,8,9,11,10,9,9,8,8,9,10,11,14,13,14,15,20,23,20,24,43,63,62,40,20,17,21,21,20,16,12,10,10,10,11,12,12,11,10,10,12,8,10,10,10,9,9,9,10,11,14,13,16,13,11,11,11,12,12,13,12,15,14,14,15
10,9,9,10,12,10,16,21,18,15,11,9,10,11,13,14,19,16,14,9,10,8,9,7,8,9,10,7,7,7,10,11,10,9,9,9,9,8,7,8,9,8,10,8,10,10,12,13,15,13,20,31,38,31,32,51,77,76,54,27,20,20,23,21,16,12,11,11,10,9,10,11,12,12,12,11,10,9,10,9,9,10,10,9,11,14,16,17,14,11,9,9,11,11,11,10,12,14,11,13
9,10,11,10,10,13,14,22,21,15,11,10,11,10,12,17,21,22,18,13,10,10,9,9,8,8,9,8,6,9,9,9,8,9,9,9,9,9,7,8,8,9,9,9,10,11,12,15,15,16,28,52,62,51,37,48,68,70,53,33,21,23,23,20,16,12,12,12,11,10,9,11,12,12,12,13,10,10,9,11,10,10,10,10,12,14,15,15,13,11,9,8,9,9,9,11,11,12,11,13
9,8,10,10,10,12,19,23,24,17,13,11,12,10,11,17,28,28,25,13,11,9,8,8,8,8,8,8,8,8,8,7,8,10,9,9,9,9,8,8,8,9,9,9,11,11,14,18,22,23,37,60,74,60,42,40,50,50,43,30,21,19,19,18,15,13,13,10,11,11,11,13,15,15,16,17,15,13,10,11,11,9,10,10,11,10,12,13,11,10,9,9,11,10,10,12,14,13,13,13
10,9,10,9,10,12,18,26,25,16,14,12,11,10,12,18,27,35,25,15,9,9,8,8,7,8,7,7,8,9,8,9,8,9,8,8,7,10,7,9,8,9,9,10,12,14,17,27,34,34,40,59,64,56,40,33,32,32,29,21,17,16,14,15,14,13,11,12,12,14,16,18,23,28,29,28,22,18,14,13,10,11,10,10,10,11,10,11,9,9,10,8,9,11,10,10,12,14,17,17
10,8,10,9,11,12,17,20,21,19,14,12,11,11,11,17,24,26,22,14,11,8,8,7,8,8,8,6,8,7,8,7,8,7,8,8,8,8,9,9,9,10,10,15,17,19,26,38,45,38,41,41,47,39,31,25,25,22,21,20,15,15,13,13,11,11,12,11,11,13,20,27,44,51,54,45,35,20,16,13,12,11,10,9,10,8,9,10,10,8,8,9,9,10,12,11,13,17,22,24
10,10,9,10,11,12,12,17,17,14,12,11,10,11,11,14,18,19,14,12,9,9,8,9,9,8,7,7,7,7,6,7,7,6,6,8,9,8,9,9,10,10,13,20,25,29,34,46,45,40,34,29,29,25,20,19,17,21,23,21,15,13,12,12,13,11,12,12,12,16,28,51,69,87,85,71,43,25,16,12,10,10,9,8,10,10,8,9,11,8,8,10,9,10,10,13,15,20,28,29
12,10,12,10,10,9,12,12,11,11,9,9,10,9,11,9,12,12,10,9,8,7,9,7,8,8,8,7,8,7,8,6,7,7,7,7,8,7,7,8,10,13,18,31,41,47,44,47,43,31,28,19,19,14,16,15,16,21,33,28,20,15,14,13,10,11,10,11,11,19,42,74,104,114,107,79,53,28,18,13,11,10,10,8,9,9,10,8,9,8,10,10,10,8,9,12,16,23,30,35
15,13,11,10,8,9,8,10,9,10,9,9,9,9,9,9,9,10,8,8,10,8,8,7,6,8,9,7,7,8,7,7,7,8,8,8,7,7,7,8,11,13,25,45,65,68,60,51,38,25,21,18,15,14,13,13,16,28,41,44,28,17,18,15,12,11,11,12,15,24,49,93,112,120,100,78,51,28,19,15,12,10,9,9,10,8,8,8,8,9,8,9,10,11,12,11,16,22,29,36
20,14,10,9,10,8,8,9,8,9,9,8,9,7,7,7,8,8,8,8,7,7,7,7,8,9,9,7,8,8,7,6,8,6,7,7,7,7,8,9,13,14,30,53,79,84,82,59,41,20,17,15,13,11,11,13,17,30,47,44,35,25,26,19,14,12,13,13,17,24,51,75,98,99,83,64,47,30,25,16,13,11,10,8,9,8,8,8,9,8,9,9,10,11,12,12,17,23,34,33
27,16,10,8,9,6,8,7,8,8,8,7,7,8,8,7,9,9,8,7,7,8,7,7,7,7,8,7,7,8,8,8,7,8,7,8,7,8,7,8,13,18,28,54,81,97,90,75,48,25,17,14,12,11,12,16,15,28,40,41,31,37,41,37,19,15,15,15,17,23,41,59,64,67,57,46,38,33,31,24,15,12,9,9,9,9,7,8,8,8,10,8,9,9,11,13,18,31,43,47
30,16,12,10,8,8,8,9,7,7,8,7,8,8,7,8,8,8,8,7,8,6,9,5,7,7,7,7,8,8,7,6,7,8,7,8,8,10,9,11,12,15,27,48,70,77,76,75,56,29,18,13,12,11,10,11,15,20,27,26,29,48,71,57,34,18,17,18,15,19,28,39,45,40,37,30,29,37,40,33,19,12,10,9,9,8,9,9,8,9,9,9,9,9,11,12,20,37,56,56
28,18,12,10,8,8,9,8,8,9,8,7,7,7,7,9,8,8,7,8,6,6,7,8,6,8,7,8,8,7,7,7,7,7,8,9,9,10,9,11,13,17,25,40,54,56,61,70,53,35,20,13,12,12,10,12,12,13,17,21,29,59,88,85,49,26,18,16,14,18,21,28,31,31,25,26,27,36,45,38,22,14,11,10,10,9,9,9,10,9,9,9,9,12,11,14,19,42,56,63
24,13,11,9,8,9,8,8,9,7,8,9,8,10,7,7,7,8,9,7,7,7,7,7,6,7,6,8,9,9,8,8,8,7,9,10,10,11,11,11,12,15,22,31,43,42,44,50,49,34,24,16,14,10,11,10,10,12,14,20,34,61,90,85,59,32,23,17,15,15,18,25,29,28,22,22,26,36,45,44,27,15,12,11,9,9,9,10,9,9,8,9,9,12,12,13,19,30,45,48
18,14,10,8,8,9,8,9,8,8,8,9,8,8,8,8,7,7,7,6,7,7,6,8,8,7,7,8,8,9,7,9,8,10,10,10,11,11,9,14,11,14,16,26,28,28,28,35,35,33,24,17,14,12,10,12,10,12,14,19,28,52,67,69,51,35,26,19,13,15,20,28,38,32,24,20,23,32,47,58,37,18,15,11,9,9,8,10,9,9,9,10,10,13,11,14,14,20,27,30
13,11,9,9,10,9,9,8,9,9,9,8,8,9,9,9,7,8,8,7,7,8,6,6,8,8,7,7,8,7,8,8,10,9,9,10,12,10,13,14,13,13,15,18,19,20,22,22,27,31,28,20,15,10,12,10,11,11,15,18,26,33,48,49,40,35,32,23,17,17,21,38,52,45,32,26,30,34,63,79,62,26,14,11,9,9,9,10,9,9,9,10,11,13,15,14,13,13,16,18
10,9,10,9,8,9,9,9,9,12,11,11,8,10,9,9,7,8,7,8,6,8,8,6,8,9,7,7,8,9,8,8,10,10,10,10,11,13,15,17,21,16,13,14,15,16,16,18,26,28,28,22,16,12,12,11,12,13,13,17,17,26,31,36,35,39,38,28,18,17,25,45,63,66,45,33,33,39,75,111,90,44,16,11,10,10,9,8,8,9,9,11,12,12,13,11,10,11,10,11
10,8,7,7,9,8,9,9,9,12,12,11,10,9,11,9,8,9,7,7,6,7,7,7,6,7,8,7,7,7,11,8,10,8,10,11,17,19,20,25,33,27,16,14,13,14,16,18,22,30,29,26,20,13,12,11,11,12,13,12,13,18,25,29,33,36,39,30,22,18,26,42,75,76,64,40,40,46,87,119,108,53,21,11,11,9,9,8,10,10,9,11,11,11,11,9,9,9,10,9
8,9,8,8,8,9,9,11,10,11,12,12,10,10,9,8,8,9,7,7,8,7,8,8,7,7,7,7,6,7,7,9,9,9,10,15,21,30,32,41,50,43,23,13,13,14,16,18,18,24,28,36,28,18,13,12,12,12,10,12,12,14,19,23,27,35,37,34,24,21,25,41,63,74,60,43,37,49,75,101,88,50,27,14,12,10,9,8,8,9,10,9,9,11,10,9,8,8,10,9
8,8,8,8,9,8,10,10,10,11,13,11,10,9,10,8,10,9,9,8,7,9,8,8,8,8,8,8,7,8,8,7,8,10,10,17,31,45,53,69,86,64,35,16,15,12,15,17,16,20,33,45,44,22,15,12,12,9,10,12,11,13,17,17,19,26,36,35,29,22,22,30,47,61,49,37,34,37,50,60,60,38,23,16,13,10,9,9,9,8,9,8,10,10,10,9,11,8,9,9
9,8,8,8,9,8,10,9,10,11,8,11,10,12,11,10,10,10,7,8,7,7,9,7,9,8,7,7,7,7,7,6,8,9,12,20,37,58,74,93,100,84,42,21,15,15,17,20,18,22,37,55,50,34,15,12,11,10,10,13,12,11,14,15,17,22,32,31,29,20,20,21,32,36,35,29,27,29,28,35,31,25,17,15,12,11,9,8,8,10,9,9,9,8,8,9,9,9,9,9
9,8,8,8,8,9,9,11,8,8,11,10,10,13,13,11,12,11,10,8,8,8,9,8,7,7,8,8,6,7,8,7,9,11,13,19,38,58,77,91,98,77,47,23,19,21,30,31,24,22,38,49,48,31,17,13,10,11,11,11,12,11,14,15,16,20,24,26,24,19,16,15,19,23,23,20,19,16,19,20,19,16,14,13,11,10,12,10,10,9,10,8,9,8,8,7,8,8,9,9
9,9,8,8,8,8,8,9,10,9,9,10,12,16,20,18,16,15,11,9,8,7,7,7,7,7,7,8,7,8,8,7,8,12,15,23,34,49,60,71,72,60,39,24,23,36,49,50,34,26,27,36,33,22,15,13,12,12,12,11,11,11,16,17,17,18,17,20,17,16,14,15,13,15,14,12,16,12,13,15,13,12,10,11,11,11,9,10,10,10,8,9,9,8,8,7,7,9,8,9
9,9,8,7,8,9,9,8,9,9,10,11,17,27,36,30,28,26,17,11,9,7,8,8,7,7,7,7,7,8,9,8,10,11,16,23,36,43,48,45,45,38,27,21,31,45,69,63,44,25,21,22,20,16,13,12,11,12,12,11,13,15,18,22,24,18,16,14,12,12,11,11,13,11,10,12,10,10,11,12,12,12,11,10,9,9,9,10,9,9,9,8,8,8,8,9,9,9,9,11
9,8,8,8,8,9,11,10,9,10,10,10,22,49,61,52,41,38,22,13,9,8,7,8,9,7,8,8,9,9,9,9,9,11,16,26,39,44,36,29,25,23,20,19,27,49,71,73,44,27,16,15,13,13,11,10,11,11,11,10,13,14,20,31,30,25,14,11,10,11,10,10,10,10,9,10,10,9,9,10,10,9,11,9,9,9,7,10,11,10,9,9,8,8,8,9,9,9,10,11
9,9,8,9,9,8,9,10,10,10,12,13,32,64,88,68,53,41,26,15,10,9,7,8,7,7,7,8,8,9,10,9,9,11,17,24,36,38,31,23,20,18,15,19,25,40,54,54,42,22,16,13,13,11,10,10,10,10,10,10,13,15,22,31,36,26,17,12,10,10,9,10,10,9,9,9,10,9,10,10,9,8,8,9,9,9,10,10,9,10,10,9,9,9,9,9,10,9,10,11
8,9,9,9,8,9,10,9,12,14,15,18,32,66,81,68,50,38,25,15,12,10,7,8,8,8,7,7,8,8,9,8,10,12,14,20,23,29,24,20,17,17,16,18,19,27,35,37,27,18,14,13,11,12,11,11,11,11,10,11,12,15,23,32,34,28,17,12,10,9,9,11,8,10,8,7,8,9,8,9,9,9,8,9,9,10,11,11,11,10,10,9,8,9,10,8,9,10,12,15
9,9,9,8,8,9,9,12,12,16,20,20,29,46,55,52,42,33,23,14,10,10,8,8,7,7,8,7,7,9,9,9,10,10,13,16,17,18,20,17,22,20,19,16,15,17,22,19,18,16,12,11,11,10,11,10,11,12,12,11,14,17,30,36,36,28,18,12,11,9,8,8,9,9,8,8,8,8,8,8,8,8,10,10,9,10,10,11,10,9,8,9,10,10,11,10,11,11,17,21
8,9,10,8,8,10,9,9,14,20,24,23,20,26,32,32,28,23,18,13,10,9,9,9,8,8,8,7,8,9,7,8,9,9,9,9,13,12,15,17,20,29,25,17,15,14,14,14,14,14,12,11,11,11,11,12,14,14,13,13,13,24,40,49,42,28,20,13,9,10,8,9,9,9,8,9,8,8,8,8,7,8,8,10,9,10,10,11,10,9,11,10,9,9,9,10,11,15,19,33
9,9,9,9,8,10,11,11,15,17,25,23,19,18,19,21,21,16,13,11,11,9,8,9,9,8,8,8,9,9,8,7,7,9,8,10,10,12,13,16,25,33,32,22,14,11,11,10,10,11,12,11,10,14,14,11,19,18,17,14,16,26,50,57,46,26,19,12,11,8,8,8,10,8,8,9,8,8,9,7,8,8,9,9,9,10,9,11,10,9,9,10,9,9,10,10,13,21,31,47
7,7,9,10,7,11,9,10,13,16,20,17,15,15,17,20,18,17,11,9,10,11,9,8,8,9,8,8,8,6,8,7,7,7,8,8,9,11,11,17,25,34,32,24,16,11,11,10,11,12,10,12,11,13,13,19,29,31,20,14,19,30,52,58,44,28,16,12,10,9,7,9,10,10,9,9,9,9,8,8,7,8,9,9,8,8,9,11,10,10,9,10,9,11,10,14,16,25,44,70
9,8,9,9,11,9,9,9,12,13,14,13,11,15,18,23,22,16,12,8,9,8,8,8,7,9,8,9,8,8,8,7,7,7,9,9,10,11,12,13,20,27,26,20,17,12,13,10,10,9,11,11,13,12,14,24,45,56,35,18,17,24,42,46,39,25,16,11,9,8,8,9,9,8,9,8,7,8,9,8,8,8,9,9,10,9,12,10,12,10,10,10,11,11,13,13,17,28,49,73
9,7,8,9,10,9,9,9,9,10,10,10,10,14,19,22,23,18,11,10,8,9,6,8,8,8,7,8,7,8,7,7,7,8,8,9,10,9,11,12,14,18,17,15,12,11,9,11,9,9,14,16,15,14,14,28,60,78,51,26,15,19,26,31,24,21,18,14,11,9,8,10,9,9,8,9,7,8,7,9,7,8,9,8,10,10,12,12,12,13,11,13,14,14,16,16,18,26,43,62
8,8,9,10,9,9,9,9,9,10,8,9,9,12,15,20,18,17,14,12,10,9,9,8,7,8,9,8,8,9,8,8,9,8,7,9,8,7,9,10,12,10,12,12,11,10,11,10,10,13,17,23,22,16,17,32,61,78,64,31,17,12,16,17,18,17,16,13,12,10,9,8,8,8,8,8,9,8,9,10,9,9,8,10,12,12,16,14,15,14,15,15,17,18,19,18,17,24,33,40
7,8,8,9,9,9,8,9,9,8,8,9,8,10,12,14,14,15,15,12,11,10,7,8,7,9,7,7,8,9,9,8,7,8,7,8,8,8,9,8,8,10,10,10,8,8,9,9,11,14,19,28,26,22,19,28,48,60,52,31,18,11,12,12,12,11,12,12,9,9,8,9,9,8,8,7,9,7,9,8,9,9,9,10,14,19,20,19,19,19,17,23,22,27,29,23,17,18,23,25
