12,13,14,13,14,12,14,11,13,12,13,13,13,12,13,11,10,10,11,10,11,10,10,10,10,9,11,10,10,11,12,12,12,13,13,13,13,13,14,13,13,13,16,14,15,14,17,16,18,18,23,24,24,21,20,19,20,19,24,26,25,21,19,14,15,13,13,11,9,10,12,13,14,15,18,26,40,51,54,47,38,25,18,17,15,14,14,18,20,24,29,30,29,25,23,21,23,23,22,19
12,14,18,18,16,11,12,11,10,12,12,11,13,11,11,11,12,12,12,11,10,10,10,10,10,10,9,11,12,13,14,12,13,14,12,12,13,11,12,13,13,14,15,14,15,16,15,16,16,15,16,16,19,17,15,16,15,16,17,17,17,16,14,14,13,12,11,12,11,11,11,13,16,17,20,25,34,37,42,37,26,20,17,15,14,17,17,20,24,36,42,41,35,30,22,21,18,19,16,16
14,17,21,19,15,11,12,10,10,11,12,11,13,12,11,12,11,13,12,12,11,11,11,11,11,10,12,15,16,16,17,15,16,15,14,14,11,13,12,13,14,13,16,15,16,16,18,15,16,14,13,14,15,14,14,16,13,14,15,13,13,13,13,13,12,10,10,12,11,12,11,15,17,18,21,21,24,27,26,21,20,17,19,15,16,17,19,25,38,52,56,53,49,36,27,21,18,17,15,14
13,18,20,18,14,14,10,11,10,11,11,12,11,11,11,13,11,13,12,12,11,12,10,11,10,14,16,24,25,25,22,20,18,17,16,17,14,15,15,15,14,14,14,14,14,14,15,16,14,15,14,14,14,14,12,14,12,15,13,15,14,13,12,12,11,11,11,11,12,12,13,15,18,20,19,16,18,18,17,16,15,14,14,15,17,17,20,40,63,78,74,71,66,47,30,22,19,17,16,15
13,13,15,13,12,11,12,10,12,11,11,11,12,10,13,10,12,11,9,11,11,11,11,10,12,14,21,31,33,29,26,20,19,18,18,17,16,16,13,15,14,14,15,14,13,14,14,13,15,13,14,15,15,14,13,12,15,13,13,13,13,12,11,10,9,12,12,10,12,12,14,14,17,15,15,12,14,13,15,14,13,13,14,15,15,16,32,61,93,95,93,80,73,50,31,21,18,17,15,14
12,12,11,12,11,12,12,13,10,11,11,11,13,12,10,12,10,11,10,12,12,13,13,12,10,17,27,36,37,33,28,27,25,25,24,22,19,17,16,15,13,15,14,16,15,14,15,16,14,16,14,15,15,15,14,13,13,15,13,12,12,11,11,10,10,10,10,11,12,12,11,14,14,14,12,13,12,15,15,13,14,14,14,13,13,22,41,81,108,112,99,83,64,44,27,22,20,19,16,14
12,11,12,13,12,12,12,11,13,11,12,12,12,11,11,10,12,12,11,12,13,15,13,14,13,17,26,36,35,31,37,41,43,37,33,25,23,18,16,16,15,15,15,15,15,15,15,14,16,15,14,13,14,14,12,11,12,13,13,12,12,11,12,11,11,10,12,11,11,11,10,11,11,13,12,13,14,14,14,13,13,13,13,18,17,24,43,75,101,103,88,67,50,33,25,19,17,17,17,13
11,11,11,12,13,10,10,13,13,12,13,13,11,12,12,11,12,13,12,13,15,16,15,14,13,15,23,31,35,40,55,74,73,61,44,33,22,18,17,16,13,16,15,17,13,15,15,17,15,16,14,14,14,12,12,12,12,12,11,11,12,10,12,13,10,11,12,11,11,11,11,12,11,13,12,12,14,14,13,11,12,14,15,16,19,23,35,63,76,77,66,48,32,26,21,20,16,15,14,14
12,13,15,14,12,13,15,16,13,12,12,12,13,12,11,12,12,16,17,17,16,19,15,16,13,16,22,28,33,51,87,112,118,99,67,38,26,18,16,16,16,14,14,15,15,15,16,16,14,15,15,13,14,13,12,11,11,11,11,12,12,11,10,11,13,11,12,12,12,11,11,12,12,14,14,13,12,13,15,13,15,14,16,18,19,21,29,37,49,48,42,30,25,21,19,16,17,15,15,12
13,14,13,14,14,18,18,20,15,13,12,13,12,13,12,13,15,24,26,26,22,20,17,17,16,17,23,28,35,62,101,153,154,134,85,46,28,22,16,14,15,14,14,14,15,14,16,16,15,16,15,13,13,12,12,12,12,12,11,12,12,10,10,10,13,12,12,10,12,12,12,13,12,14,12,12,12,14,14,14,14,19,19,19,18,19,20,23,24,28,25,24,25,23,20,17,16,15,13,12
16,17,18,18,18,21,24,21,17,13,12,12,11,10,13,15,25,34,40,31,27,20,19,20,23,21,24,26,36,62,111,147,169,144,98,54,32,21,17,16,16,15,14,15,17,16,15,15,14,14,15,13,15,14,14,12,11,11,11,11,12,13,9,11,12,11,11,11,12,12,11,11,13,12,13,12,14,16,15,14,17,18,20,19,16,16,17,17,15,18,17,22,34,34,27,17,15,14,14,12
18,25,26,25,25,26,24,21,17,15,13,13,12,13,12,21,32,43,46,45,33,26,21,28,31,29,27,28,34,63,91,130,147,133,90,55,30,21,16,16,15,15,15,16,16,16,15,13,13,14,14,15,15,15,12,11,11,12,13,11,11,12,12,11,11,12,11,11,12,14,13,14,15,15,19,19,16,16,16,15,17,20,20,18,16,17,15,13,15,14,18,31,53,52,36,22,14,13,14,13
32,43,46,42,35,28,24,19,16,13,14,14,13,12,15,24,34,42,57,57,50,35,30,36,41,38,28,27,39,55,80,100,108,101,79,48,33,24,19,17,19,18,14,14,18,14,13,14,14,13,14,14,14,14,15,12,13,12,12,10,13,12,12,11,11,10,11,13,13,13,12,15,18,20,27,27,19,16,17,18,20,25,26,20,17,14,13,12,12,13,22,43,68,63,44,21,16,13,12,13
42,69,74,70,51,30,20,17,14,13,12,13,14,13,20,31,39,55,63,71,60,43,33,34,40,36,30,28,39,55,66,74,75,67,58,46,39,32,24,20,17,17,15,15,14,14,14,13,12,14,14,14,17,18,18,16,14,13,13,12,10,11,11,13,12,11,11,12,13,13,14,16,22,34,37,36,29,26,21,21,24,34,32,23,18,15,14,14,11,17,25,43,62,58,38,22,14,13,12,11
54,81,103,86,60,31,19,15,15,13,13,13,15,17,26,41,59,67,74,69,60,37,32,29,30,29,28,30,38,52,61,58,54,50,57,66,60,44,28,21,17,17,15,14,15,13,14,12,14,13,14,18,22,26,24,17,15,11,12,10,12,12,11,12,13,10,11,12,13,15,15,19,28,41,49,45,44,37,29,25,32,39,37,25,18,14,15,13,14,18,27,38,48,42,33,18,16,12,12,12
50,80,92,89,54,32,17,14,13,14,15,17,14,21,36,59,86,92,74,55,41,30,25,24,24,27,24,31,36,50,54,52,45,53,77,101,91,57,31,22,17,16,14,14,13,14,12,14,12,13,14,19,26,28,26,18,13,14,12,11,12,12,13,13,11,12,11,12,14,15,15,22,29,44,45,56,61,56,44,34,33,38,33,24,17,15,14,14,16,22,25,32,32,29,20,18,15,13,13,14
44,64,73,63,44,24,18,16,18,17,18,17,18,26,46,71,104,101,73,40,31,23,23,21,22,23,23,31,43,55,57,51,43,58,94,113,99,59,30,20,15,16,13,13,12,12,12,12,15,14,15,20,22,27,24,17,14,12,12,10,12,12,14,12,12,11,11,12,14,16,20,23,29,34,43,61,82,74,52,36,29,26,24,17,17,15,14,14,19,23,27,29,26,21,17,16,14,14,12,13
33,41,45,35,25,20,19,20,23,25,21,19,21,27,43,77,108,105,63,32,23,22,21,20,24,24,28,40,48,61,57,53,50,58,81,100,81,51,27,18,15,15,14,14,12,12,12,13,12,13,14,17,20,17,16,14,12,11,13,13,11,12,11,13,12,13,13,13,16,19,20,19,19,26,39,74,86,82,54,35,24,21,17,15,15,15,15,17,18,23,28,33,30,24,18,20,15,14,14,13
20,26,25,21,18,17,18,25,32,31,24,23,27,27,39,68,89,82,50,29,21,20,20,21,25,27,37,50,66,69,69,59,57,62,69,65,52,36,24,17,14,13,14,13,14,13,13,12,12,12,13,13,14,14,14,13,12,12,12,13,12,11,14,14,13,13,13,13,18,22,21,19,19,24,41,68,95,76,51,31,22,16,13,12,13,15,18,19,20,22,28,37,41,31,18,16,16,12,13,14
13,15,15,14,14,16,20,27,34,31,25,31,32,30,34,49,54,51,36,25,22,21,21,24,24,34,52,71,82,78,70,60,60,64,53,46,35,24,19,16,15,14,14,14,12,13,12,13,11,11,11,11,11,14,10,12,12,11,13,14,11,12,12,13,13,12,14,16,19,23,21,18,19,25,39,66,77,69,47,26,19,13,12,11,13,16,20,24,23,25,33,43,45,30,19,17,16,13,15,13
12,14,14,12,13,16,20,28,30,30,32,45,45,38,30,34,32,30,22,21,20,22,22,22,29,44,75,90,96,80,69,62,63,63,52,39,27,18,15,14,14,15,16,16,13,14,12,12,11,10,12,12,11,10,12,11,10,12,11,13,13,13,13,13,14,14,16,15,17,20,18,17,17,24,33,49,62,50,38,23,17,13,12,12,16,20,26,28,29,27,31,36,39,28,21,20,18,16,15,15
11,12,12,13,14,16,18,23,29,32,44,59,58,41,26,21,21,20,20,18,20,23,23,24,33,60,88,98,89,71,65,62,64,61,47,33,23,18,14,15,13,17,21,23,18,16,14,13,13,11,11,12,12,12,11,10,10,12,12,13,11,13,12,12,14,12,14,17,17,19,21,18,21,22,25,33,35,35,24,19,18,16,14,14,16,20,27,29,29,24,26,29,29,21,21,22,20,17,16,15
12,13,13,12,15,17,21,26,37,42,55,61,58,39,26,18,17,16,17,17,20,23,25,26,39,62,85,87,75,63,64,68,65,55,40,27,19,15,15,14,15,23,31,31,24,18,16,12,11,12,10,10,11,12,12,10,10,11,11,12,13,12,12,13,13,12,16,18,19,22,27,26,24,21,22,22,22,22,18,19,20,18,17,13,17,20,26,27,24,20,19,21,19,18,21,23,20,15,15,13
12,11,13,13,13,17,22,37,51,57,58,59,48,33,21,16,17,16,19,17,22,28,30,39,42,58,63,64,54,53,61,67,58,43,31,22,15,15,13,13,17,31,39,39,31,23,21,17,13,12,11,12,12,12,11,11,10,11,11,12,11,13,13,14,14,14,16,18,21,39,46,42,29,21,17,17,16,14,15,20,25,25,18,17,16,18,18,20,17,18,16,17,16,16,17,21,17,15,14,16
13,12,14,14,15,17,29,43,58,58,56,51,44,29,21,16,16,19,20,18,23,34,41,42,39,40,42,36,42,53,66,65,53,32,24,16,14,12,14,15,22,31,36,36,35,33,28,18,14,11,12,11,12,11,10,12,11,12,12,11,11,11,12,12,13,14,17,19,35,57,67,51,33,21,15,12,14,15,16,26,33,31,24,16,15,14,16,14,16,16,17,17,17,14,15,15,15,13,14,15
12,13,12,15,16,18,27,44,56,60,60,50,42,27,19,18,18,18,21,20,27,41,48,49,34,30,26,27,30,43,55,55,38,24,17,15,13,12,15,17,20,27,30,33,33,39,27,20,13,13,13,13,12,14,12,12,10,12,10,13,12,12,12,12,14,14,14,24,47,74,75,53,31,21,15,13,13,14,17,27,31,31,22,14,12,12,12,12,13,18,16,17,17,13,15,14,13,13,14,17
16,14,14,14,16,19,27,34,48,49,57,51,40,29,20,19,20,22,24,23,31,40,52,44,33,21,19,20,25,34,39,33,28,18,16,13,14,12,16,15,19,21,23,28,32,31,23,17,14,13,13,12,13,13,12,11,12,13,11,12,14,13,13,12,13,13,18,28,53,65,66,38,24,18,15,14,14,14,17,22,25,25,18,14,12,12,13,13,16,15,16,15,15,13,13,13,14,14,14,14
22,18,15,15,16,17,21,29,33,40,47,54,44,33,23,24,27,31,30,33,30,39,42,35,27,18,21,20,18,23,21,21,17,16,13,14,12,11,12,14,14,18,20,25,25,25,22,20,17,15,14,14,12,13,13,12,12,12,12,15,12,12,14,14,15,15,17,29,37,45,37,27,19,18,15,16,14,14,14,15,17,17,15,12,12,12,14,15,14,15,15,15,14,14,12,12,13,13,12,16
31,21,16,13,16,17,20,23,24,31,39,44,38,32,27,34,41,44,49,41,34,28,33,27,21,17,17,15,14,14,15,14,14,13,14,11,11,11,12,12,12,16,16,18,20,22,26,26,22,17,16,14,13,14,14,12,13,13,14,13,13,13,14,14,13,15,17,19,26,27,23,22,21,17,18,17,16,15,12,13,13,13,11,12,11,12,14,14,15,17,15,14,13,12,14,12,12,13,13,15
30,24,18,17,17,20,19,18,20,24,26,32,29,29,37,53,58,62,60,53,34,24,22,20,15,15,14,12,12,12,11,12,11,14,12,10,11,9,10,11,14,14,14,15,19,34,42,44,31,20,16,14,15,15,15,16,16,15,15,17,13,14,13,13,13,15,15,17,18,24,24,26,22,21,17,15,17,14,14,14,11,12,10,12,10,12,12,15,15,15,16,14,13,13,13,13,13,14,16,16
33,24,22,20,20,20,20,19,19,20,22,23,25,28,48,65,75,71,70,50,30,20,17,15,15,13,14,13,12,12,11,11,12,12,12,10,12,10,11,12,11,11,11,15,24,43,63,55,38,20,16,15,14,19,21,20,19,17,19,16,15,14,11,12,11,11,13,15,18,28,34,33,29,21,19,16,15,16,14,12,11,12,12,11,10,11,13,13,15,15,13,14,12,12,13,11,13,16,17,18
33,27,24,22,23,21,19,19,19,21,18,20,21,33,49,65,69,61,53,40,27,19,17,15,15,14,14,13,11,12,11,12,12,11,10,10,11,10,10,12,11,11,14,18,28,53,62,61,39,20,15,15,18,29,30,29,22,18,17,14,14,12,12,11,11,11,13,17,23,36,41,40,31,22,18,14,15,13,14,14,12,11,10,11,11,10,11,11,13,15,14,13,13,13,14,14,14,15,20,22
34,28,27,23,24,22,23,21,20,18,20,17,20,26,43,47,53,44,41,29,21,18,17,14,13,13,14,13,12,12,11,11,12,11,11,11,10,9,10,11,10,12,13,18,29,41,52,41,30,19,18,20,25,36,40,32,24,16,15,12,13,9,12,12,11,12,14,18,28,38,45,37,31,22,17,15,16,13,14,13,13,13,12,11,10,10,12,12,12,13,12,13,12,11,12,12,16,16,20,27
28,27,22,21,23,30,33,31,22,22,17,17,18,23,27,31,35,31,24,20,19,20,18,17,15,13,14,13,12,10,9,12,11,11,9,10,11,10,10,11,10,13,14,18,22,26,28,26,22,23,23,26,34,39,38,33,23,17,14,13,11,10,11,10,12,12,13,17,25,37,38,40,29,22,19,17,12,15,16,14,13,15,14,13,10,12,11,11,11,13,12,12,11,13,12,11,12,17,20,30
23,19,18,21,29,46,51,39,27,19,17,15,15,19,22,25,23,20,19,21,25,27,24,16,13,12,13,12,12,10,10,11,11,11,12,11,10,10,10,11,12,11,11,14,19,20,21,22,23,27,32,38,41,35,32,23,18,15,14,11,11,11,11,10,11,11,14,15,20,33,44,44,34,24,19,16,17,17,17,16,15,12,13,12,12,12,11,12,12,13,14,14,14,12,12,13,14,16,20,27
17,17,16,27,35,58,60,48,27,19,14,14,14,16,16,18,17,16,19,24,33,34,28,18,13,13,12,11,11,10,11,11,10,11,10,10,10,11,9,10,10,10,12,12,14,17,20,28,34,39,40,43,38,31,23,19,15,16,13,13,10,11,9,10,12,12,12,15,20,39,55,54,43,26,20,16,14,17,17,15,13,13,11,12,11,13,12,12,11,14,16,18,15,12,13,12,13,15,15,21
18,20,22,28,43,53,57,41,25,17,15,12,14,13,15,14,14,15,21,27,33,32,23,16,14,13,12,13,13,11,11,9,11,9,10,9,9,10,11,11,10,10,11,11,15,18,29,40,55,51,50,40,33,24,21,17,17,13,13,11,12,10,10,11,11,10,11,13,22,39,58,57,42,28,19,15,17,16,15,14,11,11,12,11,12,12,12,11,13,15,19,19,18,13,12,13,13,13,15,14
22,23,27,36,41,46,40,33,21,18,14,14,13,12,13,13,14,17,21,25,30,26,21,15,12,13,16,19,17,16,11,10,10,9,9,9,9,10,11,10,11,11,12,14,18,27,39,55,61,61,45,32,23,20,18,18,13,12,11,13,12,11,11,9,11,10,11,14,23,37,50,47,38,26,20,16,14,15,15,14,13,12,11,11,13,12,12,13,14,18,20,21,17,13,11,13,12,13,12,14
29,32,37,42,43,37,29,21,19,16,14,12,13,13,12,12,14,14,19,20,24,19,17,13,15,18,27,27,26,15,13,10,10,10,9,9,10,10,11,10,11,13,13,20,31,40,50,57,58,52,43,28,23,19,19,15,12,12,13,12,12,11,11,10,10,12,12,13,20,25,31,31,28,21,18,14,15,14,14,14,12,11,12,13,10,13,12,15,13,16,17,16,16,13,13,13,14,14,13,12
33,38,43,42,34,26,19,17,16,16,14,13,12,12,13,12,12,12,14,16,18,16,14,12,14,24,32,38,27,17,12,9,11,11,10,10,10,10,10,9,11,12,17,30,47,58,56,58,56,50,35,25,21,16,15,13,12,10,12,11,10,11,9,12,11,12,13,14,15,19,19,20,19,15,13,15,15,12,14,16,12,13,11,13,11,11,11,15,12,14,13,15,12,13,13,13,13,13,12,14
36,38,40,34,28,22,16,14,16,16,17,15,13,13,14,12,13,12,14,16,15,15,11,13,15,23,31,32,23,16,12,9,10,9,8,11,11,10,9,11,12,15,23,40,58,71,76,73,65,53,36,23,19,18,14,13,11,11,11,12,11,11,10,11,11,13,12,12,13,12,14,14,13,13,13,14,11,12,14,14,14,12,12,13,12,13,13,13,12,13,13,14,14,12,15,14,15,14,14,15
30,32,28,23,21,16,15,16,15,17,20,22,19,15,14,14,12,11,12,13,12,14,11,12,14,19,23,22,18,14,12,11,10,10,10,10,11,12,12,12,15,20,27,40,58,81,91,96,78,59,36,21,17,16,13,12,11,12,12,12,11,11,11,10,11,12,13,11,12,11,13,12,13,13,12,14,13,14,16,16,13,12,13,11,14,14,14,13,13,12,12,13,13,14,14,16,17,15,12,13
36,30,27,20,19,15,15,13,18,25,38,35,27,18,13,11,11,11,11,12,12,12,13,13,13,15,16,16,15,12,12,10,10,10,8,9,11,13,13,14,19,27,34,42,62,86,107,99,78,57,34,18,16,17,15,11,11,10,12,12,13,10,11,10,11,11,11,10,13,11,12,13,13,13,14,17,18,17,16,14,14,13,11,12,14,14,14,12,13,12,14,13,13,14,16,17,16,14,14,15
52,43,28,19,16,13,12,14,21,40,54,50,35,21,15,13,11,11,11,14,12,12,12,13,11,14,12,13,11,11,11,12,10,11,9,11,11,13,13,18,24,36,48,58,61,81,84,79,63,41,25,19,18,16,14,14,12,12,12,14,11,9,10,11,11,10,10,11,10,12,12,13,12,15,18,30,26,23,15,15,13,14,12,12,14,13,14,14,15,14,14,15,15,15,15,17,15,16,16,17
82,54,30,17,14,11,13,18,30,49,65,59,34,23,17,13,12,13,12,13,11,12,11,11,11,10,11,12,11,11,10,11,10,10,11,12,15,16,18,19,31,48,70,71,64,56,57,51,38,28,23,20,18,18,15,15,14,13,13,12,12,9,11,10,11,12,10,10,11,11,12,13,12,18,28,38,36,22,14,12,12,11,13,13,13,14,14,15,14,14,15,13,15,14,15,16,17,17,19,18
91,60,32,17,13,13,15,20,30,47,57,52,34,22,17,13,11,10,11,13,12,11,11,12,11,11,11,12,10,11,11,9,9,12,11,15,17,23,21,21,36,64,77,76,57,39,32,28,24,21,18,21,20,22,21,17,14,13,12,13,12,9,9,11,11,12,11,10,11,11,11,13,15,18,30,38,33,23,14,14,10,12,12,16,15,15,13,14,14,15,16,15,16,18,18,18,18,18,18,19
79,49,29,17,14,13,13,19,26,36,45,41,33,21,18,13,12,10,11,11,13,11,12,10,10,10,11,11,12,11,10,9,10,10,12,17,28,34,33,31,44,66,74,61,45,31,23,18,18,18,18,22,28,30,34,27,18,14,14,12,12,10,10,12,11,12,12,9,11,11,13,13,17,18,25,30,27,18,14,13,12,11,12,12,13,13,17,14,16,15,17,14,20,21,23,19,19,15,18,19
46,35,21,17,16,13,14,18,22,33,41,37,28,20,14,14,12,12,11,13,12,11,11,12,10,10,10,12,9,10,10,11,9,10,11,23,34,43,40,36,41,54,49,41,31,24,21,19,17,18,18,24,35,49,47,36,19,16,13,13,13,11,10,12,12,11,11,12,12,13,12,13,14,18,20,22,18,14,13,12,12,13,12,13,14,14,14,14,15,16,16,19,21,28,25,23,19,15,20,24
28,21,16,15,16,13,13,15,26,32,40,32,24,16,15,12,12,11,12,11,11,11,11,10,10,11,13,11,13,10,11,10,12,11,14,27,45,53,51,39,35,34,32,26,22,21,21,18,17,15,20,30,46,56,60,39,25,18,17,16,14,12,12,12,15,13,14,12,12,13,12,14,13,13,14,15,14,14,13,13,11,11,13,12,14,15,15,15,15,14,16,18,23,26,27,23,20,16,20,30
18,15,14,13,13,15,15,18,24,31,35,32,20,18,15,13,11,11,11,11,9,10,12,10,9,10,11,12,11,11,10,11,12,12,18,36,55,69,56,39,24,23,19,19,17,20,18,16,16,21,23,30,43,57,52,39,27,24,22,22,18,17,15,16,19,20,17,16,14,15,13,12,14,13,12,13,13,15,12,13,11,12,11,13,13,13,15,15,14,18,16,19,21,25,24,21,20,20,21,31
14,14,12,12,13,13,16,16,24,30,32,24,19,16,14,13,11,11,11,10,10,10,11,10,11,10,11,10,11,11,12,11,12,15,25,44,66,71,58,36,20,17,16,16,17,20,22,19,16,20,23,25,32,42,37,33,34,37,39,37,32,25,17,19,27,29,24,21,18,16,13,14,13,12,13,12,13,14,15,13,11,12,11,12,14,15,13,14,16,18,19,16,20,21,22,20,20,23,29,41
12,13,12,13,12,15,15,17,24,33,35,25,17,14,12,13,11,10,11,12,11,9,11,11,10,10,12,13,11,13,12,12,12,17,26,45,61,64,43,28,18,16,15,17,17,21,21,17,18,20,19,20,23,26,27,36,43,59,69,66,49,31,20,32,44,48,34,30,21,17,14,13,13,11,13,13,13,17,14,12,11,14,12,13,13,16,13,15,15,16,17,19,20,21,21,20,21,26,35,59
12,12,11,13,15,17,17,21,29,36,36,23,16,12,12,11,10,11,11,11,12,11,11,10,12,12,13,13,15,16,16,15,15,17,26,33,43,40,29,20,18,13,16,14,18,20,19,16,18,18,18,17,19,22,30,41,62,83,102,92,61,32,33,56,85,73,49,33,25,17,16,13,12,11,14,13,16,15,14,12,11,12,12,13,15,14,15,14,16,17,20,20,21,20,21,21,23,26,47,83
13,13,14,14,18,24,24,25,31,32,25,19,14,13,12,11,11,10,11,10,10,11,9,11,12,15,15,18,23,23,18,16,15,16,20,22,27,22,19,16,15,17,16,17,17,19,17,17,18,21,19,19,22,29,39,51,69,103,115,99,59,36,43,92,119,101,63,36,27,18,15,13,13,14,13,13,13,15,13,13,11,13,13,14,17,15,13,17,16,19,21,22,23,22,22,23,25,36,60,112
14,16,14,18,32,42,38,32,28,25,22,17,14,13,12,11,12,10,11,10,11,11,11,13,17,22,29,32,34,27,22,15,14,14,14,15,17,14,14,14,15,13,15,15,17,16,17,19,26,27,28,27,28,35,51,58,75,96,107,78,54,34,58,108,149,119,71,36,25,19,18,16,15,14,14,14,14,14,13,12,14,13,14,14,15,17,16,15,16,19,21,21,22,21,23,24,29,39,75,131
16,18,16,30,51,69,59,44,33,24,19,14,12,12,12,11,10,10,10,12,10,12,10,17,27,42,47,51,41,30,20,16,14,11,12,14,12,12,12,12,14,15,14,15,15,17,18,29,33,39,38,33,34,41,48,62,68,75,69,54,38,36,54,108,134,125,71,38,29,26,21,21,17,16,16,16,15,14,15,14,13,14,13,15,13,14,15,15,15,17,20,20,20,23,23,27,28,47,92,149
23,20,23,36,65,80,76,58,44,27,17,14,13,11,12,10,9,10,11,10,13,11,12,23,50,65,70,56,40,26,18,15,15,13,13,14,14,14,15,15,13,14,15,15,15,20,30,39,51,53,51,38,38,37,49,54,57,49,42,35,30,30,49,78,103,95,64,46,43,43,35,27,23,17,18,19,19,19,18,16,14,15,15,14,14,14,13,15,17,16,19,17,21,24,26,26,33,58,110,153
30,26,25,38,62,79,79,77,59,34,17,12,11,10,11,11,12,10,11,13,11,13,15,34,56,80,74,56,35,22,19,15,15,13,14,16,19,18,15,14,12,13,13,15,16,24,41,61,68,65,53,39,31,33,42,46,42,32,24,21,22,24,34,52,65,65,59,65,71,72,55,39,27,24,22,25,25,24,18,16,13,15,15,16,15,15,14,14,16,17,16,18,18,24,23,27,34,77,120,148
29,26,24,33,54,65,76,69,56,29,17,13,12,9,11,11,10,11,12,12,11,13,19,38,58,70,64,45,30,21,18,17,17,20,20,21,22,21,16,12,14,13,13,13,19,35,58,77,82,63,47,31,26,30,35,35,30,21,19,20,20,20,24,28,43,51,69,90,104,104,88,58,36,25,23,32,37,31,25,16,15,15,15,16,14,13,13,16,17,16,17,16,19,21,22,22,37,80,121,125
25,23,20,26,33,46,49,50,38,25,17,14,13,12,12,11,11,12,12,13,11,14,19,33,42,50,42,34,25,19,17,22,27,29,29,27,26,21,17,13,12,13,12,14,22,42,66,78,69,57,38,29,24,23,26,26,25,21,18,19,16,16,17,24,37,58,80,104,122,132,111,78,48,35,30,44,48,39,23,18,15,17,16,14,13,14,16,18,18,18,17,15,19,23,21,24,37,73,97,91
19,18,18,19,23,28,31,28,25,19,17,15,13,13,11,11,10,10,12,13,13,15,18,21,30,29,29,25,24,22,23,32,38,42,36,28,24,18,16,13,13,15,14,17,27,39,53,59,56,44,32,23,21,18,21,20,19,17,17,18,18,16,17,28,45,60,78,93,118,126,114,85,66,49,40,46,51,37,26,20,18,16,17,14,14,12,17,19,19,17,19,17,21,19,22,21,31,51,66,60
17,14,15,15,16,21,19,18,16,17,16,15,13,12,13,12,11,12,12,13,14,14,16,17,18,25,23,22,21,26,30,39,42,44,34,26,20,18,14,15,13,15,18,20,29,37,44,49,46,34,25,21,17,15,16,18,20,20,16,20,18,18,19,29,43,57,59,71,85,99,99,91,78,55,43,41,39,33,24,20,18,18,16,15,14,16,16,17,17,16,17,18,17,18,18,21,26,35,41,35
16,15,15,14,16,14,14,14,16,16,16,14,14,14,12,12,12,11,14,13,14,13,13,14,17,18,20,27,36,40,39,40,40,36,29,24,21,19,16,16,18,17,18,23,32,41,48,48,41,31,23,18,17,16,15,19,23,19,19,21,22,18,20,26,36,39,41,47,57,74,89,94,85,61,43,36,31,25,21,20,17,18,17,14,13,15,15,14,17,17,17,17,17,16,18,16,22,23,26,23
17,17,16,16,15,15,14,15,16,16,15,14,13,13,12,11,12,11,13,13,13,14,13,14,18,17,25,42,59,58,47,33,31,29,27,28,28,22,19,19,18,19,21,30,42,59,59,58,40,26,18,16,14,15,19,24,27,29,23,24,25,21,22,25,26,26,27,34,42,65,83,98,81,58,41,30,25,22,22,19,19,18,16,14,15,15,15,15,14,16,16,18,17,17,16,15,17,17,19,18
24,24,23,21,21,16,16,17,14,15,14,12,12,12,12,11,12,11,12,13,13,13,13,13,18,24,40,62,75,63,45,28,25,30,38,40,38,32,23,20,22,22,27,42,55,69,73,56,41,22,18,13,15,15,19,31,36,35,27,25,26,22,19,20,21,21,23,27,42,56,80,84,71,51,42,32,27,25,22,19,17,16,17,15,14,13,15,14,13,16,15,15,16,14,15,14,15,14,16,18
37,36,32,28,24,19,15,15,15,13,13,13,11,12,11,12,11,13,11,12,12,12,13,15,21,34,49,64,64,50,36,29,31,42,51,59,50,40,25,24,26,34,42,55,62,69,59,48,29,21,16,15,13,17,23,33,36,36,30,26,27,19,19,19,19,18,19,27,38,54,64,67,56,53,47,40,27,23,21,19,19,18,14,14,15,14,14,13,12,14,15,14,13,13,15,13,12,15,14,16
52,44,40,35,25,19,15,14,14,13,12,11,11,13,11,12,13,13,12,12,13,13,13,18,25,36,48,50,43,34,30,29,48,60,65,69,61,43,32,26,38,48,57,59,57,48,45,35,26,19,16,14,14,18,22,30,34,32,31,26,26,21,17,17,20,21,23,29,35,43,50,49,57,58,53,37,28,22,22,17,18,17,17,13,14,14,14,14,13,13,13,13,13,13,13,13,14,15,17,15
51,56,41,34,25,19,15,13,12,13,13,12,13,12,10,12,12,12,12,13,12,14,15,18,22,31,31,32,30,31,31,40,50,64,64,65,57,45,30,32,44,59,56,56,44,35,27,23,19,17,15,14,17,17,18,23,27,27,30,28,24,21,19,20,20,20,22,26,29,32,34,44,52,58,48,38,26,23,19,17,16,16,14,14,14,12,12,13,13,13,11,13,13,14,12,13,14,14,15,15
53,52,43,31,22,18,16,13,14,14,13,13,11,11,11,12,11,12,13,13,13,13,17,17,17,19,20,22,27,39,46,48,59,55,56,52,47,37,33,34,42,50,52,41,34,26,18,17,16,14,14,16,16,17,17,18,20,19,23,25,21,20,20,20,19,18,22,26,30,29,31,38,54,50,42,30,25,21,18,16,16,16,14,13,11,14,13,13,13,12,14,12,11,11,11,10,16,15,15,14
48,46,37,25,21,17,17,15,13,13,12,12,12,13,13,14,12,12,12,14,12,14,12,15,15,17,16,20,34,57,68,68,56,48,42,36,30,30,29,30,33,36,35,35,27,22,17,17,15,15,13,17,16,16,17,17,16,19,23,20,21,20,18,19,20,18,26,35,34,30,32,43,47,44,32,24,21,21,18,18,17,16,14,12,12,11,13,13,13,13,13,13,12,12,13,15,13,16,14,15
38,35,29,19,17,15,16,14,15,12,13,12,12,12,13,12,13,13,15,13,14,11,13,12,14,15,16,27,51,77,94,79,59,38,35,25,24,25,30,27,27,27,28,23,21,20,17,17,17,16,16,17,17,16,16,16,18,18,18,20,23,20,19,16,18,20,28,36,37,33,37,45,46,34,26,21,21,20,18,16,16,16,14,12,13,12,12,11,12,11,14,10,12,12,12,13,14,14,14,14
31,26,20,19,17,16,13,14,14,14,11,12,13,14,12,11,11,11,12,15,12,12,11,13,12,14,19,33,59,89,99,90,59,40,29,25,23,26,27,29,24,24,22,20,20,19,16,17,16,15,16,17,19,20,21,22,18,17,18,20,21,20,18,18,17,23,27,36,33,34,38,43,38,30,22,19,17,15,15,16,15,15,13,14,13,11,10,12,11,11,11,14,12,12,12,12,12,13,13,15
24,17,16,15,15,16,14,12,15,13,14,12,13,12,12,11,13,11,11,12,12,13,13,14,14,16,22,38,63,87,95,79,56,36,25,21,21,25,30,26,23,19,21,19,19,17,17,16,17,15,17,22,25,25,27,25,23,22,19,19,18,18,18,20,18,20,27,31,30,33,39,42,33,25,20,19,16,14,16,12,14,14,14,12,11,11,12,10,11,11,12,12,13,11,13,13,13,12,14,14
15,17,15,14,14,15,13,13,12,13,13,12,13,12,11,13,11,12,12,14,12,12,15,15,15,18,25,33,49,68,66,61,43,31,23,21,23,24,26,23,21,21,17,19,16,16,14,18,18,20,22,26,31,36,37,35,29,26,22,19,19,21,22,21,19,21,23,25,25,30,34,37,31,24,20,18,15,14,14,13,14,13,12,12,12,10,10,10,11,12,12,12,13,13,13,12,12,13,14,15
17,14,14,14,13,11,14,13,13,11,11,12,13,15,14,13,13,12,15,13,15,14,16,16,18,19,25,28,37,41,47,35,29,23,19,18,19,20,20,19,20,18,18,17,17,13,16,23,26,29,34,36,41,43,45,38,35,31,26,21,22,26,28,25,21,18,21,19,22,23,31,31,27,22,19,18,16,13,14,12,13,14,14,12,14,11,11,12,9,11,11,12,13,12,12,10,13,13,13,13
14,14,12,13,12,14,13,13,14,13,13,13,16,21,18,15,13,13,13,14,14,16,20,21,24,24,27,27,29,30,28,24,21,17,16,17,17,17,20,19,18,19,17,17,15,14,19,28,41,46,45,50,46,48,43,43,37,33,25,23,25,37,33,28,23,20,18,20,19,22,24,26,18,21,17,15,15,14,14,14,12,14,12,12,12,13,11,12,10,11,13,12,14,13,12,13,14,13,13,14
14,14,13,12,12,11,12,12,11,11,12,16,22,24,20,16,12,12,13,14,15,20,32,33,36,35,39,34,28,24,23,17,15,15,14,15,19,19,20,21,22,23,21,16,16,16,25,45,61,65,65,57,49,40,37,37,39,33,27,25,33,38,38,25,20,18,18,17,19,19,20,19,18,18,17,14,16,13,14,13,13,11,12,12,10,11,12,10,10,10,11,12,11,13,12,13,13,14,14,13
13,13,12,12,12,12,11,12,11,11,13,21,24,27,21,16,13,13,14,15,16,31,50,60,53,54,55,49,31,20,18,14,13,13,15,17,18,24,24,27,27,29,24,17,15,20,30,52,66,71,69,64,49,34,30,35,34,36,31,28,31,34,29,25,17,19,15,16,18,19,17,19,18,16,15,14,13,13,11,12,12,12,11,12,12,13,12,11,11,12,11,13,11,13,13,14,11,13,13,13
13,11,12,11,11,12,11,12,13,12,15,19,23,21,21,14,14,13,15,17,20,47,78,85,66,63,63,51,32,21,14,13,12,12,17,18,24,26,31,34,42,36,31,17,18,22,33,51,63,64,66,54,43,31,30,34,37,37,31,27,25,26,23,20,18,16,20,19,19,16,18,19,19,15,15,14,15,13,12,12,12,13,13,11,13,12,11,11,11,12,13,12,14,12,11,13,14,13,13,12
14,13,12,13,11,13,12,13,13,14,14,16,18,18,17,14,12,14,15,16,24,60,89,98,75,65,60,50,28,17,12,14,14,13,17,23,25,35,35,47,47,43,31,20,17,20,27,41,47,57,55,47,35,27,30,39,42,37,25,22,19,21,19,19,18,16,15,18,16,17,18,16,17,16,13,13,13,12,12,12,13,12,11,13,13,12,13,12,11,15,11,14,11,12,12,12,12,13,12,13
11,11,13,13,11,11,12,12,13,13,15,13,15,15,14,12,13,12,14,18,31,53,83,90,72,54,45,33,22,17,13,13,16,18,20,23,31,39,45,47,48,39,27,19,17,19,23,32,44,45,46,35,29,28,37,40,38,29,22,19,20,18,18,18,21,17,20,19,19,16,18,17,16,15,14,13,13,13,12,12,12,11,12,13,12,13,13,12,12,12,11,13,13,12,12,11,12,13,12,11
11,12,10,12,11,13,11,14,13,12,12,14,12,14,13,15,14,14,14,20,29,46,55,61,49,37,29,21,18,14,15,17,18,20,21,29,32,45,47,47,40,31,20,18,18,18,20,28,33,36,36,31,27,33,36,36,30,23,19,18,18,22,22,22,18,18,18,20,16,17,16,16,15,15,14,14,14,13,13,11,11,13,12,12,11,11,11,12,12,14,12,12,11,11,10,11,12,11,12,12
14,12,13,11,11,12,11,13,12,12,15,14,13,12,13,12,13,15,14,18,23,29,35,32,31,25,19,16,14,13,15,16,17,21,27,33,40,48,46,39,29,24,20,17,20,20,22,22,27,25,26,24,26,29,32,28,23,19,17,17,18,24,25,26,25,18,20,19,20,17,17,15,15,15,12,15,13,13,14,13,14,12,12,11,14,13,14,12,13,13,13,11,13,11,10,11,13,9,13,14
13,13,13,12,12,12,11,11,12,14,12,13,12,12,12,12,14,14,14,15,16,18,19,22,18,17,15,15,14,13,15,16,16,23,31,37,42,46,38,28,19,18,18,18,19,21,20,18,21,19,19,20,21,23,23,22,17,17,17,19,21,27,33,30,24,20,17,21,20,18,18,17,15,15,13,14,12,13,12,12,11,13,13,10,12,13,12,12,12,12,13,13,11,11,11,12,11,12,12,11
14,12,12,11,12,11,11,11,12,14,11,12,12,12,10,13,12,10,13,12,13,15,13,14,14,13,14,13,14,13,13,13,17,24,33,40,44,35,30,21,19,16,18,16,19,20,19,16,14,15,16,15,18,20,21,19,18,18,17,17,23,32,34,29,25,18,19,19,16,17,16,15,14,15,15,15,12,15,12,13,12,11,13,12,12,12,13,12,12,12,12,13,12,11,12,10,14,10,10,11
13,14,13,12,11,12,11,11,11,11,12,12,11,10,11,11,12,11,11,13,11,13,13,13,13,14,14,14,13,14,13,14,14,25,32,38,34,29,22,16,15,15,15,16,16,17,15,16,15,16,15,16,17,17,15,17,16,16,16,17,23,30,28,28,22,18,18,17,17,15,16,15,14,14,13,13,14,13,12,14,13,13,13,12,11,12,11,13,11,14,14,15,13,14,11,12,12,10,11,10
12,11,12,11,11,10,11,12,12,11,13,11,12,12,13,12,12,11,12,11,12,13,11,12,13,12,13,13,15,14,14,14,19,21,27,27,24,19,17,15,14,13,15,14,13,16,15,13,14,15,16,15,18,18,16,17,17,15,19,17,21,21,21,21,18,17,17,16,15,15,17,15,17,16,16,14,14,15,14,13,14,14,12,11,12,13,12,13,15,15,14,15,13,12,12,12,13,12,11,11
13,12,13,13,13,12,12,11,11,11,11,12,9,11,11,10,12,11,11,11,10,12,12,11,12,13,13,14,14,16,14,15,16,19,19,20,17,16,15,15,14,13,13,14,13,16,14,14,15,16,16,20,21,25,22,17,15,16,17,17,18,18,17,18,16,17,16,17,17,15,15,15,16,16,14,16,14,13,13,14,12,14,12,13,12,13,12,15,14,17,17,17,13,13,13,14,14,14,12,11
15,12,14,13,12,13,11,12,11,11,11,11,11,12,10,10,10,11,10,10,12,14,13,12,12,14,12,15,15,14,14,15,15,17,17,15,15,13,14,14,13,13,14,14,16,16,15,15,14,13,19,24,28,28,23,18,16,15,14,15,15,15,18,17,17,17,16,16,16,14,15,16,15,15,15,14,15,16,13,15,13,13,14,15,13,13,12,14,14,16,18,16,14,14,15,18,19,15,15,11
14,14,15,15,14,13,11,12,12,11,10,11,11,12,10,11,10,11,11,11,10,12,13,14,11,16,14,19,19,18,18,16,16,16,15,17,15,14,13,15,13,16,14,16,18,18,17,15,14,15,17,25,31,31,25,20,16,15,14,14,17,17,17,18,15,18,16,16,15,17,15,16,16,16,15,13,14,13,15,14,12,15,19,16,15,14,13,14,14,16,16,16,15,17,17,21,22,17,14,13
17,16,15,14,13,12,11,12,11,10,11,12,11,12,14,10,11,10,11,10,11,13,12,11,15,16,20,23,31,26,23,17,15,17,16,18,16,14,16,15,15,16,14,19,22,20,18,15,14,16,19,25,29,31,25,21,18,17,15,16,17,17,18,18,20,20,18,15,16,16,15,17,16,16,16,14,14,12,14,13,15,20,25,23,18,14,14,13,14,14,15,16,17,16,17,23,24,20,16,13
16,16,16,14,13,12,12,11,12,11,9,12,13,13,12,12,11,11,11,13,10,12,13,17,18,20,24,36,43,38,28,17,15,16,17,18,15,16,15,16,18,20,19,24,22,24,16,16,14,15,19,25,28,25,23,21,21,19,17,16,16,18,20,21,22,21,20,17,17,18,17,16,16,17,14,14,13,14,14,14,19,31,40,39,23,16,14,14,13,14,13,15,15,16,18,20,21,20,14,13
22,18,17,15,16,14,13,13,13,12,10,13,12,15,15,14,13,13,12,11,13,12,15,18,21,23,33,44,53,43,26,15,17,18,18,15,17,17,16,18,24,24,24,24,23,21,18,16,14,15,18,21,22,21,23,26,29,23,19,16,20,19,23,24,28,26,24,22,21,20,22,17,17,15,15,13,14,16,15,14,22,38,53,46,27,15,13,13,15,14,13,15,15,15,18,20,18,17,15,13
23,21,20,19,14,16,14,14,11,12,12,13,15,21,18,17,13,13,12,13,12,15,17,22,23,27,32,42,46,37,23,18,17,24,23,20,19,18,20,23,27,35,29,24,21,22,16,15,14,15,15,17,17,18,23,30,26,23,18,17,17,22,24,31,30,34,32,30,24,24,21,18,16,15,14,14,13,16,15,19,24,39,48,39,23,15,13,13,13,14,14,13,13,15,17,17,16,15,13,13
29,29,29,26,22,20,15,12,14,12,11,12,20,29,28,20,15,12,13,13,16,16,23,23,27,28,31,32,32,27,21,20,26,32,30,25,22,21,21,29,40,41,35,26,24,20,17,16,15,14,13,15,15,18,20,25,24,22,17,16,16,19,24,32,40,46,44,37,31,26,23,17,16,13,15,11,14,16,16,17,23,29,33,26,22,15,14,13,15,13,13,14,15,16,16,15,14,12,13,12
43,48,49,45,32,26,18,14,15,13,13,16,24,33,31,21,15,11,14,14,15,21,24,29,29,28,26,25,23,26,22,25,30,43,39,30,23,23,28,35,43,43,37,29,26,24,18,17,12,14,14,15,15,18,19,20,19,17,14,15,17,17,23,29,40,46,44,37,28,24,19,17,15,14,12,14,15,15,16,18,18,21,21,20,16,16,14,15,14,15,14,12,12,14,13,15,13,13,14,13
62,80,86,74,56,34,21,16,16,14,15,18,26,31,27,21,15,14,14,16,18,20,24,28,30,32,25,22,25,31,29,34,43,51,46,33,28,27,34,42,49,41,38,34,32,24,18,16,14,14,16,16,17,14,16,16,16,15,15,15,17,15,22,27,33,38,38,30,25,20,17,17,16,15,12,12,14,13,14,15,15,17,16,14,16,17,15,14,14,15,14,14,12,13,13,13,13,12,13,14
78,114,123,114,76,44,28,20,17,15,15,18,22,25,18,16,14,14,13,15,18,21,21,29,34,39,34,33,35,43,44,43,46,48,43,34,25,31,44,48,46,42,36,32,25,22,17,16,14,16,16,18,16,17,17,15,14,14,14,15,15,19,17,23,25,28,25,23,18,17,17,14,14,13,13,13,14,13,13,13,13,15,14,14,15,15,14,14,15,13,13,12,12,14,13,14,14,13,13,13
97,137,165,142,95,55,40,28,23,18,19,17,18,17,17,13,14,15,15,16,19,17,22,35,54,55,49,40,48,56,59,54,48,42,36,27,25,36,46,48,50,39,34,23,23,22,18,17,18,18,26,28,28,24,19,16,17,14,15,14,14,15,16,17,21,17,19,17,17,16,14,15,14,13,13,13,12,13,12,13,11,12,14,13,14,14,15,14,14,15,14,12,13,12,14,12,12,13,13,15
100,150,156,134,94,75,57,44,29,22,17,17,13,15,13,14,14,15,15,16,16,19,30,54,75,77,60,46,54,71,69,59,46,33,25,27,26,34,40,45,39,34,28,20,18,17,18,19,21,28,38,44,41,35,23,19,15,17,13,15,14,15,14,15,14,16,13,13,13,13,13,12,15,13,13,14,12,12,11,13,13,12,13,14,14,12,13,13,15,13,13,11,12,12,13,13,12,14,14,16
